0 0
1 0
2 1
3 1
4 1
5 1
6 1
7 1
8 1
9 1
10 1
11 1
12 1
13 1
14 1
15 1
16 1
17 1
18 2
19 3
20 3
21 3
22 3
23 3
24 3
25 3
26 3
27 3
28 7
29 7
30 7
31 7
32 9
33 9
34 9
35 9
36 10
37 10
38 10
39 10
40 13
41 13
42 13
43 10
44 8
45 8
46 14
47 14
48 14
49 14
50 27
51 45
52 43
53 45
54 45
55 30
56 29
57 29
58 42
59 33
60 88
61 47
62 135
63 225
64 180
65 192
66 178
67 159
68 154
69 150
70 146
71 145
72 142
73 138
74 142
75 131
76 128
77 129
78 127
79 123
80 125
81 118
82 122
83 120
84 117
85 115
86 114
87 114
88 114
89 112
90 111
91 110
92 109
93 108
94 107
95 107
96 106
97 105
98 105
99 103
100 102
