	-40.000000	-1500	0.524983
	-40.000000	-1439	0.513477
	-40.000000	-1378	0.502122
	-40.000000	-1317	0.520085
	-40.000000	-1256	0.523781
	-40.000000	-1195	0.529046
	-40.000000	-1134	0.550460
	-40.000000	-1073	0.495447
	-40.000000	-1012	0.533026
	-40.000000	-951	0.570054
	-40.000000	-890	0.531241
	-40.000000	-829	0.500518
	-40.000000	-768	0.524541
	-40.000000	-707	0.505499
	-40.000000	-646	0.487136
	-40.000000	-585	0.548813
	-40.000000	-524	0.496593
	-40.000000	-463	0.467282
	-40.000000	-402	0.461690
	-40.000000	-341	0.459789
	-40.000000	-280	0.428405
	-40.000000	-219	0.448170
	-40.000000	-158	0.429141
	-40.000000	-97	0.420692
	-40.000000	-36	0.454578
	-40.000000	25	0.404673
	-40.000000	86	0.389454
	-40.000000	147	0.381356
	-40.000000	208	0.376630
	-40.000000	269	0.388651
	-40.000000	330	0.363916
	-40.000000	391	0.373314
	-40.000000	452	0.376687
	-40.000000	513	0.352078
	-40.000000	574	0.370717
	-40.000000	635	0.370949
	-40.000000	696	0.380703
	-40.000000	757	0.370851
	-40.000000	818	0.352134
	-40.000000	879	0.367285
	-40.000000	940	0.348838

	-37.750000	-1500	0.369733
	-37.750000	-1439	0.355743
	-37.750000	-1378	0.365371
	-37.750000	-1317	0.357850
	-37.750000	-1256	0.348808
	-37.750000	-1195	0.357502
	-37.750000	-1134	0.363959
	-37.750000	-1073	0.363780
	-37.750000	-1012	0.365530
	-37.750000	-951	0.352310
	-37.750000	-890	0.351991
	-37.750000	-829	0.351827
	-37.750000	-768	0.360656
	-37.750000	-707	0.359821
	-37.750000	-646	0.355887
	-37.750000	-585	0.370583
	-37.750000	-524	0.363516
	-37.750000	-463	0.353364
	-37.750000	-402	0.349856
	-37.750000	-341	0.350528
	-37.750000	-280	0.365509
	-37.750000	-219	0.351120
	-37.750000	-158	0.343088
	-37.750000	-97	0.348679
	-37.750000	-36	0.356634
	-37.750000	25	0.347278
	-37.750000	86	0.340578
	-37.750000	147	0.344197
	-37.750000	208	0.365271
	-37.750000	269	0.358107
	-37.750000	330	0.352033
	-37.750000	391	0.347304
	-37.750000	452	0.342015
	-37.750000	513	0.359342
	-37.750000	574	0.354786
	-37.750000	635	0.349087
	-37.750000	696	0.344676
	-37.750000	757	0.344668
	-37.750000	818	0.360976
	-37.750000	879	0.352675
	-37.750000	940	0.346209

	-35.500000	-1500	0.380128
	-35.500000	-1439	0.355664
	-35.500000	-1378	0.345544
	-35.500000	-1317	0.354715
	-35.500000	-1256	0.387115
	-35.500000	-1195	0.351039
	-35.500000	-1134	0.365846
	-35.500000	-1073	0.349837
	-35.500000	-1012	0.344376
	-35.500000	-951	0.348055
	-35.500000	-890	0.344740
	-35.500000	-829	0.351880
	-35.500000	-768	0.354779
	-35.500000	-707	0.352625
	-35.500000	-646	0.343837
	-35.500000	-585	0.357052
	-35.500000	-524	0.362594
	-35.500000	-463	0.349341
	-35.500000	-402	0.340798
	-35.500000	-341	0.333924
	-35.500000	-280	0.336494
	-35.500000	-219	0.341410
	-35.500000	-158	0.361606
	-35.500000	-97	0.342697
	-35.500000	-36	0.343467
	-35.500000	25	0.355212
	-35.500000	86	0.352686
	-35.500000	147	0.347009
	-35.500000	208	0.359193
	-35.500000	269	0.346415
	-35.500000	330	0.346199
	-35.500000	391	0.353833
	-35.500000	452	0.379364
	-35.500000	513	0.348476
	-35.500000	574	0.358191
	-35.500000	635	0.341681
	-35.500000	696	0.354309
	-35.500000	757	0.344236
	-35.500000	818	0.357350
	-35.500000	879	0.351320
	-35.500000	940	0.352136

	-33.250000	-1500	0.352032
	-33.250000	-1439	0.341650
	-33.250000	-1378	0.367180
	-33.250000	-1317	0.347796
	-33.250000	-1256	0.342087
	-33.250000	-1195	0.343278
	-33.250000	-1134	0.344342
	-33.250000	-1073	0.342041
	-33.250000	-1012	0.345089
	-33.250000	-951	0.341658
	-33.250000	-890	0.346777
	-33.250000	-829	0.355467
	-33.250000	-768	0.354656
	-33.250000	-707	0.349187
	-33.250000	-646	0.341149
	-33.250000	-585	0.352734
	-33.250000	-524	0.351566
	-33.250000	-463	0.344621
	-33.250000	-402	0.347839
	-33.250000	-341	0.351876
	-33.250000	-280	0.342437
	-33.250000	-219	0.358837
	-33.250000	-158	0.355098
	-33.250000	-97	0.340967
	-33.250000	-36	0.352955
	-33.250000	25	0.341494
	-33.250000	86	0.347177
	-33.250000	147	0.343292
	-33.250000	208	0.341110
	-33.250000	269	0.340076
	-33.250000	330	0.381325
	-33.250000	391	0.359545
	-33.250000	452	0.349194
	-33.250000	513	0.347020
	-33.250000	574	0.343358
	-33.250000	635	0.347357
	-33.250000	696	0.354512
	-33.250000	757	0.345672
	-33.250000	818	0.342111
	-33.250000	879	0.342859
	-33.250000	940	0.340668

	-31.000000	-1500	0.353770
	-31.000000	-1439	0.349821
	-31.000000	-1378	0.360736
	-31.000000	-1317	0.353518
	-31.000000	-1256	0.347116
	-31.000000	-1195	0.351874
	-31.000000	-1134	0.352949
	-31.000000	-1073	0.341081
	-31.000000	-1012	0.354200
	-31.000000	-951	0.341311
	-31.000000	-890	0.343119
	-31.000000	-829	0.340713
	-31.000000	-768	0.349099
	-31.000000	-707	0.341009
	-31.000000	-646	0.345336
	-31.000000	-585	0.346196
	-31.000000	-524	0.357179
	-31.000000	-463	0.340793
	-31.000000	-402	0.352029
	-31.000000	-341	0.351091
	-31.000000	-280	0.351123
	-31.000000	-219	0.340901
	-31.000000	-158	0.346171
	-31.000000	-97	0.340719
	-31.000000	-36	0.346594
	-31.000000	25	0.342634
	-31.000000	86	0.342931
	-31.000000	147	0.346232
	-31.000000	208	0.344748
	-31.000000	269	0.358658
	-31.000000	330	0.349934
	-31.000000	391	0.345779
	-31.000000	452	0.348710
	-31.000000	513	0.342106
	-31.000000	574	0.348149
	-31.000000	635	0.340378
	-31.000000	696	0.344835
	-31.000000	757	0.373740
	-31.000000	818	0.346330
	-31.000000	879	0.377385
	-31.000000	940	0.346702

	-28.750000	-1500	0.353479
	-28.750000	-1439	0.340639
	-28.750000	-1378	0.350527
	-28.750000	-1317	0.356897
	-28.750000	-1256	0.340448
	-28.750000	-1195	0.340457
	-28.750000	-1134	0.343489
	-28.750000	-1073	0.350727
	-28.750000	-1012	0.347163
	-28.750000	-951	0.353451
	-28.750000	-890	0.364160
	-28.750000	-829	0.343306
	-28.750000	-768	0.356791
	-28.750000	-707	0.345914
	-28.750000	-646	0.360752
	-28.750000	-585	0.340491
	-28.750000	-524	0.340589
	-28.750000	-463	0.348721
	-28.750000	-402	0.364027
	-28.750000	-341	0.351430
	-28.750000	-280	0.343759
	-28.750000	-219	0.347237
	-28.750000	-158	0.346394
	-28.750000	-97	0.353869
	-28.750000	-36	0.363724
	-28.750000	25	0.344762
	-28.750000	86	0.337699
	-28.750000	147	0.336461
	-28.750000	208	0.358192
	-28.750000	269	0.347781
	-28.750000	330	0.353672
	-28.750000	391	0.353642
	-28.750000	452	0.348004
	-28.750000	513	0.353838
	-28.750000	574	0.344460
	-28.750000	635	0.350155
	-28.750000	696	0.340251
	-28.750000	757	0.340240
	-28.750000	818	0.351195
	-28.750000	879	0.355499
	-28.750000	940	0.340889

	-26.500000	-1500	0.365811
	-26.500000	-1439	0.353998
	-26.500000	-1378	0.350149
	-26.500000	-1317	0.345524
	-26.500000	-1256	0.341757
	-26.500000	-1195	0.340069
	-26.500000	-1134	0.357974
	-26.500000	-1073	0.343776
	-26.500000	-1012	0.343973
	-26.500000	-951	0.346499
	-26.500000	-890	0.345027
	-26.500000	-829	0.349195
	-26.500000	-768	0.354988
	-26.500000	-707	0.348943
	-26.500000	-646	0.348086
	-26.500000	-585	0.339813
	-26.500000	-524	0.335445
	-26.500000	-463	0.338086
	-26.500000	-402	0.384645
	-26.500000	-341	0.346847
	-26.500000	-280	0.343370
	-26.500000	-219	0.341492
	-26.500000	-158	0.340371
	-26.500000	-97	0.344920
	-26.500000	-36	0.348409
	-26.500000	25	0.341777
	-26.500000	86	0.340517
	-26.500000	147	0.367146
	-26.500000	208	0.343837
	-26.500000	269	0.344366
	-26.500000	330	0.361638
	-26.500000	391	0.344887
	-26.500000	452	0.344614
	-26.500000	513	0.343908
	-26.500000	574	0.347413
	-26.500000	635	0.363978
	-26.500000	696	0.340410
	-26.500000	757	0.363199
	-26.500000	818	0.353143
	-26.500000	879	0.349014
	-26.500000	940	0.353650

	-24.250000	-1500	0.342775
	-24.250000	-1439	0.373753
	-24.250000	-1378	0.340639
	-24.250000	-1317	0.349995
	-24.250000	-1256	0.349843
	-24.250000	-1195	0.352379
	-24.250000	-1134	0.347951
	-24.250000	-1073	0.344312
	-24.250000	-1012	0.342937
	-24.250000	-951	0.348751
	-24.250000	-890	0.345724
	-24.250000	-829	0.348621
	-24.250000	-768	0.339894
	-24.250000	-707	0.357935
	-24.250000	-646	0.355237
	-24.250000	-585	0.342885
	-24.250000	-524	0.370401
	-24.250000	-463	0.348651
	-24.250000	-402	0.363613
	-24.250000	-341	0.340031
	-24.250000	-280	0.348177
	-24.250000	-219	0.346689
	-24.250000	-158	0.342100
	-24.250000	-97	0.359270
	-24.250000	-36	0.344768
	-24.250000	25	0.343426
	-24.250000	86	0.351377
	-24.250000	147	0.343277
	-24.250000	208	0.354543
	-24.250000	269	0.359443
	-24.250000	330	0.355107
	-24.250000	391	0.354050
	-24.250000	452	0.342722
	-24.250000	513	0.355061
	-24.250000	574	0.346394
	-24.250000	635	0.354566
	-24.250000	696	0.350385
	-24.250000	757	0.357284
	-24.250000	818	0.352086
	-24.250000	879	0.356015
	-24.250000	940	0.344062

	-22.000000	-1500	0.351930
	-22.000000	-1439	0.361111
	-22.000000	-1378	0.367847
	-22.000000	-1317	0.347876
	-22.000000	-1256	0.364141
	-22.000000	-1195	0.358552
	-22.000000	-1134	0.351648
	-22.000000	-1073	0.348359
	-22.000000	-1012	0.343575
	-22.000000	-951	0.340555
	-22.000000	-890	0.344632
	-22.000000	-829	0.353154
	-22.000000	-768	0.342395
	-22.000000	-707	0.344426
	-22.000000	-646	0.340994
	-22.000000	-585	0.357557
	-22.000000	-524	0.345935
	-22.000000	-463	0.343778
	-22.000000	-402	0.356398
	-22.000000	-341	0.344121
	-22.000000	-280	0.366844
	-22.000000	-219	0.343107
	-22.000000	-158	0.345812
	-22.000000	-97	0.358275
	-22.000000	-36	0.339789
	-22.000000	25	0.352325
	-22.000000	86	0.346485
	-22.000000	147	0.341952
	-22.000000	208	0.347164
	-22.000000	269	0.341260
	-22.000000	330	0.346420
	-22.000000	391	0.354486
	-22.000000	452	0.349987
	-22.000000	513	0.339393
	-22.000000	574	0.355340
	-22.000000	635	0.351563
	-22.000000	696	0.353118
	-22.000000	757	0.343949
	-22.000000	818	0.365057
	-22.000000	879	0.344879
	-22.000000	940	0.352999

	-19.750000	-1500	0.347554
	-19.750000	-1439	0.360023
	-19.750000	-1378	0.345932
	-19.750000	-1317	0.348930
	-19.750000	-1256	0.363888
	-19.750000	-1195	0.356506
	-19.750000	-1134	0.341441
	-19.750000	-1073	0.339984
	-19.750000	-1012	0.343758
	-19.750000	-951	0.343118
	-19.750000	-890	0.368879
	-19.750000	-829	0.345482
	-19.750000	-768	0.351481
	-19.750000	-707	0.349640
	-19.750000	-646	0.339930
	-19.750000	-585	0.343850
	-19.750000	-524	0.347846
	-19.750000	-463	0.353428
	-19.750000	-402	0.347418
	-19.750000	-341	0.351672
	-19.750000	-280	0.347261
	-19.750000	-219	0.349454
	-19.750000	-158	0.340822
	-19.750000	-97	0.345045
	-19.750000	-36	0.343044
	-19.750000	25	0.340234
	-19.750000	86	0.339953
	-19.750000	147	0.340676
	-19.750000	208	0.341315
	-19.750000	269	0.352384
	-19.750000	330	0.342499
	-19.750000	391	0.342395
	-19.750000	452	0.338271
	-19.750000	513	0.340221
	-19.750000	574	0.365763
	-19.750000	635	0.351882
	-19.750000	696	0.349645
	-19.750000	757	0.349818
	-19.750000	818	0.345417
	-19.750000	879	0.357191
	-19.750000	940	0.349185

	-17.500000	-1500	0.342143
	-17.500000	-1439	0.343666
	-17.500000	-1378	0.347700
	-17.500000	-1317	0.355308
	-17.500000	-1256	0.356448
	-17.500000	-1195	0.353490
	-17.500000	-1134	0.352967
	-17.500000	-1073	0.344483
	-17.500000	-1012	0.339749
	-17.500000	-951	0.374113
	-17.500000	-890	0.344403
	-17.500000	-829	0.350766
	-17.500000	-768	0.350654
	-17.500000	-707	0.345456
	-17.500000	-646	0.340452
	-17.500000	-585	0.342792
	-17.500000	-524	0.365758
	-17.500000	-463	0.349589
	-17.500000	-402	0.341027
	-17.500000	-341	0.360274
	-17.500000	-280	0.345246
	-17.500000	-219	0.367234
	-17.500000	-158	0.342102
	-17.500000	-97	0.349559
	-17.500000	-36	0.347249
	-17.500000	25	0.351635
	-17.500000	86	0.341115
	-17.500000	147	0.353525
	-17.500000	208	0.348777
	-17.500000	269	0.346210
	-17.500000	330	0.350812
	-17.500000	391	0.359485
	-17.500000	452	0.374345
	-17.500000	513	0.352860
	-17.500000	574	0.343476
	-17.500000	635	0.345541
	-17.500000	696	0.339671
	-17.500000	757	0.339621
	-17.500000	818	0.346831
	-17.500000	879	0.353562
	-17.500000	940	0.354865

	-15.250000	-1500	0.342898
	-15.250000	-1439	0.357258
	-15.250000	-1378	0.344785
	-15.250000	-1317	0.340645
	-15.250000	-1256	0.340124
	-15.250000	-1195	0.356176
	-15.250000	-1134	0.350917
	-15.250000	-1073	0.352182
	-15.250000	-1012	0.346233
	-15.250000	-951	0.344147
	-15.250000	-890	0.340006
	-15.250000	-829	0.341780
	-15.250000	-768	0.344156
	-15.250000	-707	0.347525
	-15.250000	-646	0.346216
	-15.250000	-585	0.344179
	-15.250000	-524	0.343460
	-15.250000	-463	0.346571
	-15.250000	-402	0.342155
	-15.250000	-341	0.342946
	-15.250000	-280	0.368028
	-15.250000	-219	0.360806
	-15.250000	-158	0.358856
	-15.250000	-97	0.349551
	-15.250000	-36	0.359244
	-15.250000	25	0.346910
	-15.250000	86	0.347933
	-15.250000	147	0.343994
	-15.250000	208	0.347588
	-15.250000	269	0.350423
	-15.250000	330	0.348533
	-15.250000	391	0.340463
	-15.250000	452	0.343279
	-15.250000	513	0.342457
	-15.250000	574	0.339590
	-15.250000	635	0.353945
	-15.250000	696	0.344803
	-15.250000	757	0.350447
	-15.250000	818	0.356025
	-15.250000	879	0.343491
	-15.250000	940	0.345301

	-13.000000	-1500	0.357073
	-13.000000	-1439	0.343915
	-13.000000	-1378	0.344345
	-13.000000	-1317	0.341576
	-13.000000	-1256	0.358543
	-13.000000	-1195	0.352963
	-13.000000	-1134	0.353181
	-13.000000	-1073	0.338191
	-13.000000	-1012	0.359395
	-13.000000	-951	0.348263
	-13.000000	-890	0.363752
	-13.000000	-829	0.348082
	-13.000000	-768	0.353413
	-13.000000	-707	0.361969
	-13.000000	-646	0.350853
	-13.000000	-585	0.339931
	-13.000000	-524	0.350592
	-13.000000	-463	0.345534
	-13.000000	-402	0.340125
	-13.000000	-341	0.344426
	-13.000000	-280	0.343804
	-13.000000	-219	0.345999
	-13.000000	-158	0.341038
	-13.000000	-97	0.339696
	-13.000000	-36	0.351806
	-13.000000	25	0.343861
	-13.000000	86	0.339879
	-13.000000	147	0.339713
	-13.000000	208	0.339629
	-13.000000	269	0.357009
	-13.000000	330	0.342910
	-13.000000	391	0.338673
	-13.000000	452	0.337258
	-13.000000	513	0.336580
	-13.000000	574	0.337915
	-13.000000	635	0.340789
	-13.000000	696	0.343974
	-13.000000	757	0.341899
	-13.000000	818	0.346264
	-13.000000	879	0.341187
	-13.000000	940	0.342504

	-10.750000	-1500	0.340219
	-10.750000	-1439	0.369062
	-10.750000	-1378	0.349667
	-10.750000	-1317	0.341801
	-10.750000	-1256	0.340685
	-10.750000	-1195	0.346123
	-10.750000	-1134	0.354322
	-10.750000	-1073	0.351406
	-10.750000	-1012	0.351511
	-10.750000	-951	0.347876
	-10.750000	-890	0.353161
	-10.750000	-829	0.350905
	-10.750000	-768	0.342018
	-10.750000	-707	0.344583
	-10.750000	-646	0.344077
	-10.750000	-585	0.351769
	-10.750000	-524	0.343107
	-10.750000	-463	0.344335
	-10.750000	-402	0.343384
	-10.750000	-341	0.339656
	-10.750000	-280	0.347104
	-10.750000	-219	0.351600
	-10.750000	-158	0.358051
	-10.750000	-97	0.341797
	-10.750000	-36	0.347553
	-10.750000	25	0.339675
	-10.750000	86	0.351277
	-10.750000	147	0.343922
	-10.750000	208	0.339794
	-10.750000	269	0.342105
	-10.750000	330	0.352343
	-10.750000	391	0.343713
	-10.750000	452	0.345710
	-10.750000	513	0.343214
	-10.750000	574	0.352730
	-10.750000	635	0.347192
	-10.750000	696	0.339484
	-10.750000	757	0.354682
	-10.750000	818	0.355435
	-10.750000	879	0.350550
	-10.750000	940	0.341614

	-8.500000	-1500	0.353443
	-8.500000	-1439	0.353625
	-8.500000	-1378	0.350481
	-8.500000	-1317	0.339874
	-8.500000	-1256	0.360752
	-8.500000	-1195	0.346988
	-8.500000	-1134	0.342354
	-8.500000	-1073	0.342372
	-8.500000	-1012	0.339764
	-8.500000	-951	0.345479
	-8.500000	-890	0.338769
	-8.500000	-829	0.339334
	-8.500000	-768	0.373081
	-8.500000	-707	0.345971
	-8.500000	-646	0.341468
	-8.500000	-585	0.340866
	-8.500000	-524	0.342805
	-8.500000	-463	0.339872
	-8.500000	-402	0.351192
	-8.500000	-341	0.345119
	-8.500000	-280	0.352347
	-8.500000	-219	0.343219
	-8.500000	-158	0.340636
	-8.500000	-97	0.342559
	-8.500000	-36	0.339492
	-8.500000	25	0.352466
	-8.500000	86	0.343677
	-8.500000	147	0.345283
	-8.500000	208	0.345470
	-8.500000	269	0.341908
	-8.500000	330	0.353946
	-8.500000	391	0.345346
	-8.500000	452	0.342702
	-8.500000	513	0.346330
	-8.500000	574	0.346047
	-8.500000	635	0.344698
	-8.500000	696	0.345739
	-8.500000	757	0.341186
	-8.500000	818	0.343735
	-8.500000	879	0.339756
	-8.500000	940	0.345376

	-6.250000	-1500	0.343154
	-6.250000	-1439	0.357643
	-6.250000	-1378	0.357059
	-6.250000	-1317	0.346054
	-6.250000	-1256	0.343005
	-6.250000	-1195	0.354949
	-6.250000	-1134	0.346364
	-6.250000	-1073	0.353137
	-6.250000	-1012	0.339542
	-6.250000	-951	0.365752
	-6.250000	-890	0.355297
	-6.250000	-829	0.348975
	-6.250000	-768	0.340365
	-6.250000	-707	0.349296
	-6.250000	-646	0.350237
	-6.250000	-585	0.343665
	-6.250000	-524	0.339458
	-6.250000	-463	0.349079
	-6.250000	-402	0.354625
	-6.250000	-341	0.342573
	-6.250000	-280	0.346479
	-6.250000	-219	0.342334
	-6.250000	-158	0.339813
	-6.250000	-97	0.339578
	-6.250000	-36	0.347244
	-6.250000	25	0.339454
	-6.250000	86	0.350315
	-6.250000	147	0.344392
	-6.250000	208	0.353292
	-6.250000	269	0.355850
	-6.250000	330	0.361494
	-6.250000	391	0.345757
	-6.250000	452	0.352936
	-6.250000	513	0.344677
	-6.250000	574	0.351266
	-6.250000	635	0.348737
	-6.250000	696	0.342131
	-6.250000	757	0.356144
	-6.250000	818	0.349576
	-6.250000	879	0.343309
	-6.250000	940	0.341569

	-4.000000	-1500	0.339467
	-4.000000	-1439	0.339615
	-4.000000	-1378	0.340179
	-4.000000	-1317	0.348354
	-4.000000	-1256	0.343472
	-4.000000	-1195	0.350775
	-4.000000	-1134	0.342692
	-4.000000	-1073	0.370088
	-4.000000	-1012	0.342033
	-4.000000	-951	0.341559
	-4.000000	-890	0.352681
	-4.000000	-829	0.348603
	-4.000000	-768	0.353814
	-4.000000	-707	0.348749
	-4.000000	-646	0.343245
	-4.000000	-585	0.362520
	-4.000000	-524	0.343206
	-4.000000	-463	0.339508
	-4.000000	-402	0.347224
	-4.000000	-341	0.345739
	-4.000000	-280	0.341819
	-4.000000	-219	0.340043
	-4.000000	-158	0.339304
	-4.000000	-97	0.345475
	-4.000000	-36	0.344651
	-4.000000	25	0.340741
	-4.000000	86	0.345619
	-4.000000	147	0.340446
	-4.000000	208	0.350863
	-4.000000	269	0.353016
	-4.000000	330	0.352602
	-4.000000	391	0.342188
	-4.000000	452	0.352714
	-4.000000	513	0.342628
	-4.000000	574	0.346398
	-4.000000	635	0.344931
	-4.000000	696	0.364572
	-4.000000	757	0.347375
	-4.000000	818	0.349256
	-4.000000	879	0.343280
	-4.000000	940	0.357750

	-1.750000	-1500	0.354600
	-1.750000	-1439	0.351774
	-1.750000	-1378	0.342594
	-1.750000	-1317	0.358976
	-1.750000	-1256	0.355668
	-1.750000	-1195	0.344389
	-1.750000	-1134	0.344101
	-1.750000	-1073	0.354559
	-1.750000	-1012	0.342548
	-1.750000	-951	0.352160
	-1.750000	-890	0.357024
	-1.750000	-829	0.363684
	-1.750000	-768	0.350236
	-1.750000	-707	0.339572
	-1.750000	-646	0.346946
	-1.750000	-585	0.339745
	-1.750000	-524	0.341359
	-1.750000	-463	0.339684
	-1.750000	-402	0.357876
	-1.750000	-341	0.351324
	-1.750000	-280	0.339736
	-1.750000	-219	0.353170
	-1.750000	-158	0.342251
	-1.750000	-97	0.340186
	-1.750000	-36	0.341258
	-1.750000	25	0.339359
	-1.750000	86	0.340194
	-1.750000	147	0.348570
	-1.750000	208	0.355002
	-1.750000	269	0.354827
	-1.750000	330	0.350156
	-1.750000	391	0.340700
	-1.750000	452	0.356009
	-1.750000	513	0.340846
	-1.750000	574	0.342583
	-1.750000	635	0.352941
	-1.750000	696	0.359348
	-1.750000	757	0.352418
	-1.750000	818	0.348371
	-1.750000	879	0.351743
	-1.750000	940	0.340686

	0.500000	-1500	0.369519
	0.500000	-1439	0.347604
	0.500000	-1378	0.348552
	0.500000	-1317	0.351384
	0.500000	-1256	0.344973
	0.500000	-1195	0.339989
	0.500000	-1134	0.351235
	0.500000	-1073	0.358961
	0.500000	-1012	0.345260
	0.500000	-951	0.340034
	0.500000	-890	0.352388
	0.500000	-829	0.350392
	0.500000	-768	0.361735
	0.500000	-707	0.354524
	0.500000	-646	0.364535
	0.500000	-585	0.343291
	0.500000	-524	0.350746
	0.500000	-463	0.350706
	0.500000	-402	0.346097
	0.500000	-341	0.353123
	0.500000	-280	0.354950
	0.500000	-219	0.345513
	0.500000	-158	0.339975
	0.500000	-97	0.343589
	0.500000	-36	0.350477
	0.500000	25	0.339495
	0.500000	86	0.347876
	0.500000	147	0.343889
	0.500000	208	0.339992
	0.500000	269	0.363265
	0.500000	330	0.347903
	0.500000	391	0.343341
	0.500000	452	0.356682
	0.500000	513	0.351744
	0.500000	574	0.357533
	0.500000	635	0.345992
	0.500000	696	0.352730
	0.500000	757	0.346793
	0.500000	818	0.335653
	0.500000	879	0.335772
	0.500000	940	0.340598

	2.750000	-1500	0.362973
	2.750000	-1439	0.356495
	2.750000	-1378	0.345286
	2.750000	-1317	0.340198
	2.750000	-1256	0.343294
	2.750000	-1195	0.349120
	2.750000	-1134	0.343836
	2.750000	-1073	0.348917
	2.750000	-1012	0.339873
	2.750000	-951	0.345175
	2.750000	-890	0.340067
	2.750000	-829	0.339331
	2.750000	-768	0.353422
	2.750000	-707	0.366278
	2.750000	-646	0.349025
	2.750000	-585	0.349903
	2.750000	-524	0.356913
	2.750000	-463	0.351847
	2.750000	-402	0.354802
	2.750000	-341	0.340993
	2.750000	-280	0.341023
	2.750000	-219	0.343553
	2.750000	-158	0.347017
	2.750000	-97	0.363883
	2.750000	-36	0.348957
	2.750000	25	0.358661
	2.750000	86	0.344529
	2.750000	147	0.352265
	2.750000	208	0.340943
	2.750000	269	0.344098
	2.750000	330	0.342009
	2.750000	391	0.345480
	2.750000	452	0.339387
	2.750000	513	0.340449
	2.750000	574	0.351296
	2.750000	635	0.341518
	2.750000	696	0.341485
	2.750000	757	0.339354
	2.750000	818	0.360933
	2.750000	879	0.354743
	2.750000	940	0.339626

	5.000000	-1500	0.342172
	5.000000	-1439	0.346086
	5.000000	-1378	0.339570
	5.000000	-1317	0.348660
	5.000000	-1256	0.347164
	5.000000	-1195	0.341756
	5.000000	-1134	0.339459
	5.000000	-1073	0.339398
	5.000000	-1012	0.341873
	5.000000	-951	0.339785
	5.000000	-890	0.358830
	5.000000	-829	0.351109
	5.000000	-768	0.357411
	5.000000	-707	0.339463
	5.000000	-646	0.347232
	5.000000	-585	0.339396
	5.000000	-524	0.351879
	5.000000	-463	0.352487
	5.000000	-402	0.346014
	5.000000	-341	0.343766
	5.000000	-280	0.345355
	5.000000	-219	0.352199
	5.000000	-158	0.340202
	5.000000	-97	0.371701
	5.000000	-36	0.353913
	5.000000	25	0.349659
	5.000000	86	0.341603
	5.000000	147	0.347168
	5.000000	208	0.339132
	5.000000	269	0.356255
	5.000000	330	0.346902
	5.000000	391	0.351423
	5.000000	452	0.358108
	5.000000	513	0.342431
	5.000000	574	0.355634
	5.000000	635	0.354184
	5.000000	696	0.352035
	5.000000	757	0.346730
	5.000000	818	0.346258
	5.000000	879	0.341815
	5.000000	940	0.355377

	7.250000	-1500	0.352759
	7.250000	-1439	0.342544
	7.250000	-1378	0.350930
	7.250000	-1317	0.375418
	7.250000	-1256	0.343678
	7.250000	-1195	0.344998
	7.250000	-1134	0.345753
	7.250000	-1073	0.342612
	7.250000	-1012	0.342694
	7.250000	-951	0.346235
	7.250000	-890	0.340156
	7.250000	-829	0.342217
	7.250000	-768	0.348784
	7.250000	-707	0.361969
	7.250000	-646	0.353446
	7.250000	-585	0.339360
	7.250000	-524	0.335926
	7.250000	-463	0.355772
	7.250000	-402	0.352577
	7.250000	-341	0.355800
	7.250000	-280	0.347383
	7.250000	-219	0.346633
	7.250000	-158	0.371210
	7.250000	-97	0.351093
	7.250000	-36	0.351424
	7.250000	25	0.357088
	7.250000	86	0.353238
	7.250000	147	0.342086
	7.250000	208	0.357412
	7.250000	269	0.341799
	7.250000	330	0.343238
	7.250000	391	0.358729
	7.250000	452	0.350739
	7.250000	513	0.343031
	7.250000	574	0.345117
	7.250000	635	0.343723
	7.250000	696	0.350106
	7.250000	757	0.344433
	7.250000	818	0.365825
	7.250000	879	0.356845
	7.250000	940	0.344318

	9.500000	-1500	0.344989
	9.500000	-1439	0.349625
	9.500000	-1378	0.339818
	9.500000	-1317	0.348220
	9.500000	-1256	0.339633
	9.500000	-1195	0.355041
	9.500000	-1134	0.344572
	9.500000	-1073	0.343765
	9.500000	-1012	0.353356
	9.500000	-951	0.337999
	9.500000	-890	0.338334
	9.500000	-829	0.340134
	9.500000	-768	0.341235
	9.500000	-707	0.348023
	9.500000	-646	0.355932
	9.500000	-585	0.348920
	9.500000	-524	0.345012
	9.500000	-463	0.342392
	9.500000	-402	0.345056
	9.500000	-341	0.344273
	9.500000	-280	0.352134
	9.500000	-219	0.347126
	9.500000	-158	0.339553
	9.500000	-97	0.340089
	9.500000	-36	0.343044
	9.500000	25	0.346490
	9.500000	86	0.342650
	9.500000	147	0.348325
	9.500000	208	0.349021
	9.500000	269	0.351937
	9.500000	330	0.342928
	9.500000	391	0.348399
	9.500000	452	0.350981
	9.500000	513	0.356124
	9.500000	574	0.362174
	9.500000	635	0.346622
	9.500000	696	0.350848
	9.500000	757	0.342495
	9.500000	818	0.342236
	9.500000	879	0.348277
	9.500000	940	0.344056

	11.750000	-1500	0.368653
	11.750000	-1439	0.353815
	11.750000	-1378	0.343549
	11.750000	-1317	0.339649
	11.750000	-1256	0.344488
	11.750000	-1195	0.360563
	11.750000	-1134	0.346260
	11.750000	-1073	0.342787
	11.750000	-1012	0.340873
	11.750000	-951	0.342284
	11.750000	-890	0.339404
	11.750000	-829	0.337809
	11.750000	-768	0.339364
	11.750000	-707	0.341945
	11.750000	-646	0.343412
	11.750000	-585	0.354018
	11.750000	-524	0.339571
	11.750000	-463	0.341789
	11.750000	-402	0.351750
	11.750000	-341	0.351188
	11.750000	-280	0.346022
	11.750000	-219	0.339783
	11.750000	-158	0.344635
	11.750000	-97	0.341636
	11.750000	-36	0.346064
	11.750000	25	0.339854
	11.750000	86	0.345733
	11.750000	147	0.345367
	11.750000	208	0.343980
	11.750000	269	0.343328
	11.750000	330	0.340371
	11.750000	391	0.341379
	11.750000	452	0.340872
	11.750000	513	0.358672
	11.750000	574	0.363911
	11.750000	635	0.362623
	11.750000	696	0.341320
	11.750000	757	0.339543
	11.750000	818	0.339485
	11.750000	879	0.340467
	11.750000	940	0.345268

	14.000000	-1500	0.354587
	14.000000	-1439	0.339807
	14.000000	-1378	0.342411
	14.000000	-1317	0.342765
	14.000000	-1256	0.347940
	14.000000	-1195	0.355607
	14.000000	-1134	0.353815
	14.000000	-1073	0.343864
	14.000000	-1012	0.343309
	14.000000	-951	0.349760
	14.000000	-890	0.339531
	14.000000	-829	0.359247
	14.000000	-768	0.346237
	14.000000	-707	0.342009
	14.000000	-646	0.339879
	14.000000	-585	0.339591
	14.000000	-524	0.355226
	14.000000	-463	0.362743
	14.000000	-402	0.345321
	14.000000	-341	0.350009
	14.000000	-280	0.347584
	14.000000	-219	0.353154
	14.000000	-158	0.343231
	14.000000	-97	0.346321
	14.000000	-36	0.343590
	14.000000	25	0.340116
	14.000000	86	0.339229
	14.000000	147	0.344559
	14.000000	208	0.349982
	14.000000	269	0.353236
	14.000000	330	0.347795
	14.000000	391	0.350743
	14.000000	452	0.339954
	14.000000	513	0.346607
	14.000000	574	0.343648
	14.000000	635	0.355632
	14.000000	696	0.349738
	14.000000	757	0.352317
	14.000000	818	0.348767
	14.000000	879	0.361053
	14.000000	940	0.348838

	16.250000	-1500	0.339563
	16.250000	-1439	0.347592
	16.250000	-1378	0.343285
	16.250000	-1317	0.342656
	16.250000	-1256	0.347201
	16.250000	-1195	0.349197
	16.250000	-1134	0.347714
	16.250000	-1073	0.351223
	16.250000	-1012	0.339301
	16.250000	-951	0.339330
	16.250000	-890	0.342373
	16.250000	-829	0.348806
	16.250000	-768	0.345728
	16.250000	-707	0.362020
	16.250000	-646	0.343219
	16.250000	-585	0.347697
	16.250000	-524	0.359282
	16.250000	-463	0.339626
	16.250000	-402	0.344812
	16.250000	-341	0.341014
	16.250000	-280	0.350365
	16.250000	-219	0.358998
	16.250000	-158	0.349331
	16.250000	-97	0.343136
	16.250000	-36	0.350752
	16.250000	25	0.348292
	16.250000	86	0.362027
	16.250000	147	0.353008
	16.250000	208	0.356710
	16.250000	269	0.351688
	16.250000	330	0.342155
	16.250000	391	0.344103
	16.250000	452	0.341303
	16.250000	513	0.339714
	16.250000	574	0.354705
	16.250000	635	0.351902
	16.250000	696	0.346737
	16.250000	757	0.354092
	16.250000	818	0.339628
	16.250000	879	0.343035
	16.250000	940	0.351888

	18.500000	-1500	0.347962
	18.500000	-1439	0.346039
	18.500000	-1378	0.341378
	18.500000	-1317	0.350827
	18.500000	-1256	0.350248
	18.500000	-1195	0.352890
	18.500000	-1134	0.340784
	18.500000	-1073	0.338079
	18.500000	-1012	0.355195
	18.500000	-951	0.359995
	18.500000	-890	0.354553
	18.500000	-829	0.353557
	18.500000	-768	0.348098
	18.500000	-707	0.341510
	18.500000	-646	0.354903
	18.500000	-585	0.350748
	18.500000	-524	0.346003
	18.500000	-463	0.355369
	18.500000	-402	0.347417
	18.500000	-341	0.353051
	18.500000	-280	0.351912
	18.500000	-219	0.339351
	18.500000	-158	0.348551
	18.500000	-97	0.354515
	18.500000	-36	0.341549
	18.500000	25	0.358430
	18.500000	86	0.347032
	18.500000	147	0.340840
	18.500000	208	0.347794
	18.500000	269	0.339469
	18.500000	330	0.346469
	18.500000	391	0.344933
	18.500000	452	0.340712
	18.500000	513	0.339200
	18.500000	574	0.339439
	18.500000	635	0.353225
	18.500000	696	0.346881
	18.500000	757	0.341627
	18.500000	818	0.339808
	18.500000	879	0.357169
	18.500000	940	0.349584

	20.750000	-1500	0.345433
	20.750000	-1439	0.341564
	20.750000	-1378	0.339892
	20.750000	-1317	0.353084
	20.750000	-1256	0.343930
	20.750000	-1195	0.342482
	20.750000	-1134	0.363332
	20.750000	-1073	0.347550
	20.750000	-1012	0.345847
	20.750000	-951	0.349790
	20.750000	-890	0.347022
	20.750000	-829	0.354703
	20.750000	-768	0.339855
	20.750000	-707	0.343127
	20.750000	-646	0.352917
	20.750000	-585	0.343298
	20.750000	-524	0.340498
	20.750000	-463	0.352738
	20.750000	-402	0.346690
	20.750000	-341	0.370345
	20.750000	-280	0.350608
	20.750000	-219	0.342892
	20.750000	-158	0.366458
	20.750000	-97	0.340353
	20.750000	-36	0.347237
	20.750000	25	0.347500
	20.750000	86	0.369305
	20.750000	147	0.341603
	20.750000	208	0.339508
	20.750000	269	0.357523
	20.750000	330	0.339613
	20.750000	391	0.342982
	20.750000	452	0.346398
	20.750000	513	0.344495
	20.750000	574	0.343153
	20.750000	635	0.339790
	20.750000	696	0.340135
	20.750000	757	0.352422
	20.750000	818	0.349194
	20.750000	879	0.351248
	20.750000	940	0.341802

	23.000000	-1500	0.331111
	23.000000	-1439	0.340484
	23.000000	-1378	0.348140
	23.000000	-1317	0.353536
	23.000000	-1256	0.347827
	23.000000	-1195	0.342652
	23.000000	-1134	0.339704
	23.000000	-1073	0.341596
	23.000000	-1012	0.340626
	23.000000	-951	0.339760
	23.000000	-890	0.354838
	23.000000	-829	0.351236
	23.000000	-768	0.339361
	23.000000	-707	0.348614
	23.000000	-646	0.339371
	23.000000	-585	0.362243
	23.000000	-524	0.345795
	23.000000	-463	0.346688
	23.000000	-402	0.347772
	23.000000	-341	0.359198
	23.000000	-280	0.358307
	23.000000	-219	0.354234
	23.000000	-158	0.350352
	23.000000	-97	0.347195
	23.000000	-36	0.339854
	23.000000	25	0.350879
	23.000000	86	0.359674
	23.000000	147	0.342297
	23.000000	208	0.355367
	23.000000	269	0.340583
	23.000000	330	0.346512
	23.000000	391	0.348045
	23.000000	452	0.358840
	23.000000	513	0.346130
	23.000000	574	0.349731
	23.000000	635	0.355796
	23.000000	696	0.341165
	23.000000	757	0.343743
	23.000000	818	0.349513
	23.000000	879	0.348391
	23.000000	940	0.348066

	25.250000	-1500	0.339357
	25.250000	-1439	0.346842
	25.250000	-1378	0.344123
	25.250000	-1317	0.342418
	25.250000	-1256	0.339835
	25.250000	-1195	0.339277
	25.250000	-1134	0.341845
	25.250000	-1073	0.354208
	25.250000	-1012	0.363557
	25.250000	-951	0.349812
	25.250000	-890	0.340404
	25.250000	-829	0.339696
	25.250000	-768	0.341630
	25.250000	-707	0.342401
	25.250000	-646	0.340278
	25.250000	-585	0.345941
	25.250000	-524	0.349189
	25.250000	-463	0.354772
	25.250000	-402	0.342826
	25.250000	-341	0.343549
	25.250000	-280	0.363785
	25.250000	-219	0.341993
	25.250000	-158	0.345302
	25.250000	-97	0.343550
	25.250000	-36	0.344636
	25.250000	25	0.345188
	25.250000	86	0.341074
	25.250000	147	0.339661
	25.250000	208	0.347643
	25.250000	269	0.344532
	25.250000	330	0.344215
	25.250000	391	0.340834
	25.250000	452	0.340201
	25.250000	513	0.343486
	25.250000	574	0.341465
	25.250000	635	0.339636
	25.250000	696	0.339349
	25.250000	757	0.354886
	25.250000	818	0.348414
	25.250000	879	0.346848
	25.250000	940	0.364295

	27.500000	-1500	0.343019
	27.500000	-1439	0.354176
	27.500000	-1378	0.350086
	27.500000	-1317	0.348190
	27.500000	-1256	0.340028
	27.500000	-1195	0.340016
	27.500000	-1134	0.342812
	27.500000	-1073	0.342311
	27.500000	-1012	0.339333
	27.500000	-951	0.347290
	27.500000	-890	0.339592
	27.500000	-829	0.349043
	27.500000	-768	0.356985
	27.500000	-707	0.371456
	27.500000	-646	0.351664
	27.500000	-585	0.345779
	27.500000	-524	0.342220
	27.500000	-463	0.361123
	27.500000	-402	0.365826
	27.500000	-341	0.358757
	27.500000	-280	0.348338
	27.500000	-219	0.339958
	27.500000	-158	0.342912
	27.500000	-97	0.354570
	27.500000	-36	0.350658
	27.500000	25	0.348261
	27.500000	86	0.353541
	27.500000	147	0.347716
	27.500000	208	0.362827
	27.500000	269	0.348495
	27.500000	330	0.344110
	27.500000	391	0.345861
	27.500000	452	0.336934
	27.500000	513	0.355942
	27.500000	574	0.347483
	27.500000	635	0.346828
	27.500000	696	0.351441
	27.500000	757	0.341981
	27.500000	818	0.337215
	27.500000	879	0.335372
	27.500000	940	0.377860

	29.750000	-1500	0.346994
	29.750000	-1439	0.366472
	29.750000	-1378	0.346521
	29.750000	-1317	0.339673
	29.750000	-1256	0.343933
	29.750000	-1195	0.354545
	29.750000	-1134	0.350844
	29.750000	-1073	0.341427
	29.750000	-1012	0.339246
	29.750000	-951	0.360970
	29.750000	-890	0.340534
	29.750000	-829	0.339545
	29.750000	-768	0.339465
	29.750000	-707	0.345115
	29.750000	-646	0.361476
	29.750000	-585	0.352936
	29.750000	-524	0.358117
	29.750000	-463	0.350874
	29.750000	-402	0.339904
	29.750000	-341	0.339169
	29.750000	-280	0.343335
	29.750000	-219	0.361607
	29.750000	-158	0.343088
	29.750000	-97	0.340541
	29.750000	-36	0.352628
	29.750000	25	0.345785
	29.750000	86	0.343721
	29.750000	147	0.343568
	29.750000	208	0.358473
	29.750000	269	0.341366
	29.750000	330	0.351248
	29.750000	391	0.339742
	29.750000	452	0.339798
	29.750000	513	0.351934
	29.750000	574	0.345824
	29.750000	635	0.344857
	29.750000	696	0.340971
	29.750000	757	0.339709
	29.750000	818	0.343825
	29.750000	879	0.347136
	29.750000	940	0.345560

	32.000000	-1500	0.344543
	32.000000	-1439	0.356038
	32.000000	-1378	0.351136
	32.000000	-1317	0.341114
	32.000000	-1256	0.342612
	32.000000	-1195	0.370711
	32.000000	-1134	0.345799
	32.000000	-1073	0.340794
	32.000000	-1012	0.343058
	32.000000	-951	0.352278
	32.000000	-890	0.356620
	32.000000	-829	0.342496
	32.000000	-768	0.357634
	32.000000	-707	0.341117
	32.000000	-646	0.343703
	32.000000	-585	0.354326
	32.000000	-524	0.363722
	32.000000	-463	0.347465
	32.000000	-402	0.343340
	32.000000	-341	0.355006
	32.000000	-280	0.352840
	32.000000	-219	0.346064
	32.000000	-158	0.350304
	32.000000	-97	0.347070
	32.000000	-36	0.345647
	32.000000	25	0.344994
	32.000000	86	0.339532
	32.000000	147	0.341146
	32.000000	208	0.339707
	32.000000	269	0.345802
	32.000000	330	0.349219
	32.000000	391	0.343174
	32.000000	452	0.349810
	32.000000	513	0.343333
	32.000000	574	0.350145
	32.000000	635	0.352318
	32.000000	696	0.339299
	32.000000	757	0.356688
	32.000000	818	0.349644
	32.000000	879	0.340896
	32.000000	940	0.339826

	34.250000	-1500	0.339801
	34.250000	-1439	0.340601
	34.250000	-1378	0.345102
	34.250000	-1317	0.355265
	34.250000	-1256	0.354986
	34.250000	-1195	0.348410
	34.250000	-1134	0.340145
	34.250000	-1073	0.344080
	34.250000	-1012	0.353009
	34.250000	-951	0.364149
	34.250000	-890	0.342122
	34.250000	-829	0.342788
	34.250000	-768	0.350517
	34.250000	-707	0.346177
	34.250000	-646	0.349320
	34.250000	-585	0.339492
	34.250000	-524	0.348184
	34.250000	-463	0.345241
	34.250000	-402	0.342727
	34.250000	-341	0.340272
	34.250000	-280	0.341311
	34.250000	-219	0.358566
	34.250000	-158	0.340956
	34.250000	-97	0.352842
	34.250000	-36	0.350119
	34.250000	25	0.346000
	34.250000	86	0.355700
	34.250000	147	0.349432
	34.250000	208	0.351386
	34.250000	269	0.346822
	34.250000	330	0.349517
	34.250000	391	0.355081
	34.250000	452	0.340250
	34.250000	513	0.339408
	34.250000	574	0.340817
	34.250000	635	0.341188
	34.250000	696	0.362194
	34.250000	757	0.346210
	34.250000	818	0.351768
	34.250000	879	0.345556
	34.250000	940	0.358916

	36.500000	-1500	0.341857
	36.500000	-1439	0.350068
	36.500000	-1378	0.346367
	36.500000	-1317	0.339496
	36.500000	-1256	0.342774
	36.500000	-1195	0.342486
	36.500000	-1134	0.346992
	36.500000	-1073	0.341423
	36.500000	-1012	0.342469
	36.500000	-951	0.355024
	36.500000	-890	0.352803
	36.500000	-829	0.346720
	36.500000	-768	0.354151
	36.500000	-707	0.354057
	36.500000	-646	0.358911
	36.500000	-585	0.341481
	36.500000	-524	0.350014
	36.500000	-463	0.342450
	36.500000	-402	0.346997
	36.500000	-341	0.352107
	36.500000	-280	0.341964
	36.500000	-219	0.342203
	36.500000	-158	0.339491
	36.500000	-97	0.339431
	36.500000	-36	0.344894
	36.500000	25	0.351461
	36.500000	86	0.347792
	36.500000	147	0.345279
	36.500000	208	0.349494
	36.500000	269	0.352850
	36.500000	330	0.345106
	36.500000	391	0.350527
	36.500000	452	0.342507
	36.500000	513	0.346115
	36.500000	574	0.341298
	36.500000	635	0.340555
	36.500000	696	0.339554
	36.500000	757	0.344176
	36.500000	818	0.339583
	36.500000	879	0.350469
	36.500000	940	0.350455

	38.750000	-1500	0.345209
	38.750000	-1439	0.342973
	38.750000	-1378	0.352973
	38.750000	-1317	0.350164
	38.750000	-1256	0.348052
	38.750000	-1195	0.341793
	38.750000	-1134	0.339596
	38.750000	-1073	0.342110
	38.750000	-1012	0.340585
	38.750000	-951	0.352598
	38.750000	-890	0.342070
	38.750000	-829	0.346150
	38.750000	-768	0.352724
	38.750000	-707	0.343674
	38.750000	-646	0.339346
	38.750000	-585	0.339205
	38.750000	-524	0.341562
	38.750000	-463	0.361221
	38.750000	-402	0.356225
	38.750000	-341	0.339510
	38.750000	-280	0.345116
	38.750000	-219	0.360377
	38.750000	-158	0.349009
	38.750000	-97	0.342247
	38.750000	-36	0.341635
	38.750000	25	0.344891
	38.750000	86	0.365138
	38.750000	147	0.348881
	38.750000	208	0.341776
	38.750000	269	0.359589
	38.750000	330	0.339969
	38.750000	391	0.350983
	38.750000	452	0.347895
	38.750000	513	0.341294
	38.750000	574	0.339424
	38.750000	635	0.345391
	38.750000	696	0.344931
	38.750000	757	0.348599
	38.750000	818	0.343085
	38.750000	879	0.335683
	38.750000	940	0.340131

